9.518579945313551671e-02 7.774581002599038893e-02 6.316929743113579299e-02 5.306138590368484481e-02 4.593240601931784101e-02 4.140662067958671144e-02 4.114337870689752791e-02 4.593252705283236426e-02 5.203273451779150127e-02 6.616937817503709685e-02 8.100732211814466732e-02 1.207990124913629060e-01
1.021452809570368853e-01 8.295881867375973218e-02 6.744423693576231948e-02 5.632527848324073855e-02 4.794569545898971774e-02 4.293103966797985616e-02 4.161935044287971841e-02 4.656546947978759676e-02 5.262956685739036966e-02 6.923698880803427769e-02 7.838848887116803277e-02 1.160446062812928170e-01
9.151343828072983078e-02 7.478409176413525206e-02 6.124785346307972528e-02 5.193821223694588401e-02 4.496003552397866143e-02 4.112881562018402132e-02 4.164077905940195140e-02 4.573793817099966463e-02 5.458572173006774608e-02 6.444794081262546215e-02 8.018539169222213547e-02 1.257694991801464601e-01
9.961620724808603611e-02 8.216670360057405642e-02 6.560455086258136503e-02 5.472548374767811918e-02 4.711944270241876648e-02 4.209771504076814663e-02 4.085451545887811009e-02 4.510134768156776747e-02 5.050859830719754695e-02 6.460506364012325031e-02 7.523138642322411973e-02 1.052473982999577590e-01
9.421733283450840768e-02 7.714467067037758530e-02 6.274768202569780406e-02 5.281309656737392250e-02 4.575432811211870704e-02 4.081066301003129920e-02 4.000557784973894637e-02 4.332688018490848947e-02 4.834632399410174197e-02 6.142613415010921701e-02 6.965687898213267226e-02 1.004163281245078615e-01
1.293414091850035308e-01 1.048544229805712380e-01 8.573996674306791355e-02 7.108718010768935724e-02 6.071478881992701387e-02 5.405491066122616178e-02 5.255381537971948180e-02 5.670151711928694827e-02 6.469021489032372729e-02 7.929960094481169897e-02 9.389548398080162228e-02 1.234254015948227229e-01
9.392538996196338197e-02 7.720971471705355416e-02 6.342981421068416559e-02 5.388124812681102660e-02 4.655608181296856662e-02 4.244580254796405383e-02 4.142451682659809009e-02 4.517217224598132214e-02 5.012148252860346848e-02 6.250532086972820922e-02 7.217256347052414256e-02 1.002875075926303455e-01
9.795577553771550594e-02 8.025918848396081107e-02 6.585304314509746182e-02 5.549845837615616229e-02 4.783812566560201318e-02 4.332053960388038832e-02 4.264587254638365493e-02 4.635896837437254031e-02 5.284516187212562333e-02 6.479961882577139898e-02 7.794577685088646679e-02 1.022632794457273703e-01
1.157769846441109723e-01 9.446523611607396398e-02 7.726028393950168383e-02 6.448402304871661550e-02 5.548780487804886447e-02 4.974866765978126076e-02 4.850964348334334264e-02 5.279103398409256548e-02 6.063846668644477800e-02 7.333034572750397884e-02 9.036129294159422898e-02 1.153959665518934641e-01
1.235258346542257579e-01 1.004742921989118104e-01 8.121574020004940220e-02 6.710198158980676397e-02 5.761313298010944939e-02 5.123257951524885778e-02 5.005272020521540910e-02 5.440077704722083574e-02 6.219823913660885162e-02 7.509718419362476638e-02 9.493969976112957843e-02 1.189466441483704173e-01
1.222581423401687406e-01 9.927948355179937179e-02 7.790804326307473882e-02 6.395429966858567905e-02 5.424353320717945071e-02 4.814503065146300692e-02 4.668638338966701884e-02 5.173674326590881056e-02 5.924949276203868992e-02 7.689891023333447762e-02 8.961263480524099545e-02 1.270622696196377910e-01
1.218130311614729344e-01 9.916775165300827088e-02 8.116327460323305432e-02 6.749558043606407320e-02 5.786016377215853768e-02 5.168818112787858937e-02 5.026339562123823684e-02 5.384992832196392604e-02 6.120378410493104715e-02 7.216342432754414837e-02 8.824608202734232631e-02 1.135171823110671385e-01
8.428271483768386141e-02 6.890388957988659302e-02 5.596263695102578206e-02 4.663913896974238721e-02 4.039539143535307575e-02 3.631528649187684699e-02 3.500970004476992858e-02 3.896326810847954708e-02 4.241901282392612771e-02 5.242704726913067353e-02 6.641834698231395551e-02 9.318704564914438715e-02
9.904066891879267920e-02 8.019414662416669837e-02 6.491238845651024769e-02 5.425464393009773317e-02 4.666824100388415608e-02 4.208837227505745487e-02 4.160521325587699520e-02 4.530146659424233446e-02 5.210388704898034906e-02 6.170986199932706334e-02 7.985085815228397388e-02 9.556882284788109638e-02
7.794488128864800192e-02 6.451666266883906986e-02 5.326966057273343352e-02 4.544711968571328586e-02 3.984060755238042623e-02 3.651671183378521479e-02 3.574931652649375458e-02 3.948620999423465422e-02 4.415582729703769471e-02 5.558889864613014709e-02 6.744255077052448144e-02 9.981557203004262635e-02
9.831530821983618107e-02 8.009717809755208251e-02 6.484941944847619211e-02 5.423001095290250206e-02 4.672881413179302834e-02 4.211569227770713825e-02 4.144576055469215842e-02 4.462642274895759625e-02 5.054099299209332402e-02 6.040532195587496045e-02 7.325421868569075012e-02 9.177001278301666343e-02
9.294363166018100586e-02 7.540549626019012186e-02 6.163361057794827791e-02 5.167333398380350579e-02 4.465973977347208884e-02 4.025359134848154746e-02 3.967211707652044256e-02 4.273785529184323528e-02 4.843334096850904907e-02 5.701291503109206377e-02 7.446620396976284806e-02 8.865139440809886862e-02
9.243697478991544370e-02 7.541547807407616988e-02 6.165324517217082856e-02 5.144163188222312250e-02 4.429469531988312891e-02 3.981163543608311206e-02 3.896686414861613712e-02 4.180719567867757780e-02 4.700861951947889888e-02 5.543035942997040499e-02 6.764929956310143655e-02 8.530855408595265643e-02
9.796256811182155189e-02 7.998160167629154993e-02 6.530743854949518090e-02 5.491073565308966092e-02 4.748020697682409780e-02 4.299096502411167003e-02 4.181946102677820687e-02 4.528503477537234451e-02 5.041757804732543286e-02 6.223348192270126283e-02 7.393752132539715971e-02 1.045246303816522587e-01
1.041865917995865726e-01 8.509595671697008090e-02 6.964632724446177814e-02 5.840046570146286559e-02 5.053909576877750609e-02 4.573537881564477409e-02 4.506609077082095183e-02 4.856925270594356775e-02 5.541238122840980856e-02 6.574265555623148849e-02 7.922986818498586881e-02 1.019860829225864574e-01
1.133634788315032033e-01 9.227347972636085194e-02 7.524140070578164141e-02 6.280822816853828816e-02 5.412785966181384717e-02 4.872331154684106380e-02 4.771575307978893898e-02 5.161018596513954060e-02 5.879397379432726306e-02 6.983124942679837244e-02 8.465580582992054959e-02 1.078407506583751313e-01
1.349631245559433368e-01 1.091555468978281651e-01 8.806731936854873821e-02 7.271975371042598002e-02 6.197998525977417572e-02 5.522391894553840136e-02 5.405360756618385332e-02 5.866374799274583218e-02 6.682310525416086666e-02 8.211290714632991927e-02 9.760433930992934437e-02 1.288334894230625527e-01
1.149715729627288074e-01 9.367343153620125151e-02 7.654501725399931455e-02 6.400228480878579485e-02 5.523204046016323698e-02 4.984265644076830287e-02 4.889991783618700960e-02 5.295777365133706727e-02 5.999702481150596955e-02 7.169179743881101685e-02 8.661140070881284680e-02 1.113131252168928637e-01
1.065993706198029439e-01 8.699712430701744825e-02 7.150799266436605461e-02 5.999019539183390870e-02 5.205635483477270148e-02 4.703908124336273616e-02 4.625140817437300989e-02 4.964712501681853990e-02 5.620816263886773551e-02 6.619228481215408411e-02 8.008888888888880675e-02 1.003615266382352628e-01
8.333333333333348136e-02 6.872817140172804429e-02 5.721770301944004156e-02 4.872525523202106412e-02 4.267995450360138887e-02 3.889042325485061319e-02 3.791727140783737737e-02 4.010463448840927841e-02 4.389508592101334233e-02 4.978761522235390646e-02 5.963149544935821694e-02 7.326545748769494604e-02
7.702371829617005172e-02 6.472515209330768904e-02 5.495193227056953400e-02 4.852215105417748836e-02 4.370282717154896912e-02 4.048737926495136336e-02 3.985066978991293890e-02 4.138046808331996562e-02 4.436969405734413757e-02 4.912173202614401185e-02 5.870487414271600285e-02 6.865734907981931034e-02
6.551056175629599299e-02 5.600057602649680111e-02 4.830748766058715754e-02 4.306471575592116935e-02 3.936452765845799284e-02 3.682661264797063017e-02 3.653901921580011286e-02 3.770750173071550637e-02 4.023029355320206779e-02 4.389748097684225553e-02 4.973818501592191382e-02 6.019725209236517771e-02
8.398046312238671707e-02 7.080664273815431842e-02 6.021620357220422437e-02 5.320780919469774578e-02 4.786952597342000737e-02 4.438595441765905841e-02 4.347638683352212513e-02 4.494800430309232875e-02 4.834693228780388013e-02 5.382212304749729032e-02 6.017050571848076013e-02 7.501917729408333346e-02
8.818281636014239921e-02 7.427681799919685912e-02 6.362302299038018194e-02 5.634403170042451281e-02 5.095347063310465274e-02 4.732458910447545630e-02 4.642821841596200816e-02 4.806518968462680785e-02 5.171606864274547882e-02 5.600459013121782820e-02 6.918148441436958174e-02 7.791470073381920325e-02
6.465821429440583856e-02 5.524861878453037056e-02 4.772359602495920144e-02 4.231745960401817053e-02 3.868066621553824941e-02 3.640216124589462643e-02 3.603714661406978714e-02 3.782057678874378714e-02 4.085983989455523047e-02 4.567217070044499172e-02 5.263448377363998815e-02 6.253260654469583457e-02
7.524713519893722058e-02 6.418854642313562286e-02 5.514274540477143854e-02 4.906971084710508302e-02 4.452709883103109917e-02 4.155288363562284482e-02 4.070958802521426612e-02 4.204742950047657413e-02 4.499606552686202798e-02 4.929734552754876792e-02 5.688173284722117945e-02 6.705887980102338830e-02
6.436987637398844386e-02 5.577294440491926270e-02 4.891864057672493105e-02 4.415151087927109141e-02 4.068176721237966309e-02 3.827679696005843041e-02 3.748836079510935865e-02 3.859131168283452124e-02 4.020246367083318145e-02 4.282486649322203576e-02 4.993631405336562690e-02 5.711695376246585243e-02
9.513911852236767164e-02 7.801145496117545264e-02 6.619173532046948583e-02 5.871647910304155643e-02 5.279279279279280868e-02 4.873148892205245164e-02 4.740072334051778635e-02 4.875374225440363973e-02 5.165097467179386587e-02 5.398238469552008034e-02 8.039162442674389897e-02 7.703067095415919163e-02
1.046044966124373005e-01 8.764087389032268471e-02 7.624982064894339495e-02 6.820666759437787885e-02 6.212579173324622034e-02 5.794298677873455788e-02 5.654634006589302764e-02 5.801489943739975008e-02 6.138453664415787631e-02 6.656196957439053374e-02 7.657361376673015030e-02 8.995939898645673172e-02
1.113717277486909046e-01 9.321619307758152728e-02 8.094005178251367782e-02 7.243881203443933159e-02 6.593592222076219422e-02 6.148849698817046572e-02 6.010422495803015991e-02 6.185341564755136162e-02 6.545031432311444741e-02 7.175501321311998637e-02 8.265602975137194275e-02 9.676810500029041362e-02
7.627636259116826745e-02 6.555225530151220781e-02 5.724478228979118510e-02 5.153649167733677372e-02 4.730912105117696109e-02 4.423505929317861352e-02 4.334313313733708511e-02 4.420199002320783499e-02 4.623148711706207004e-02 5.003990616005968284e-02 5.588683955068653175e-02 6.453765066939499973e-02
8.262030255322061478e-02 7.091870456047530413e-02 6.189759518396329568e-02 5.555213401490422670e-02 5.092167943900348381e-02 4.762039660056623797e-02 4.636262874753303148e-02 4.738591563812467183e-02 4.977419988219129038e-02 5.299749525972021619e-02 6.051226842506627485e-02 7.016974808087354798e-02
9.188477366255108636e-02 7.789373814041727906e-02 6.768438477101303141e-02 6.101624937332236071e-02 5.585227272727263242e-02 5.228686824582474274e-02 5.109890109890063981e-02 5.222684234256811525e-02 5.491398725382118373e-02 5.918802928418970266e-02 6.760035288928065156e-02 7.803449812233437255e-02
1.057375699703650695e-01 9.141924699514528130e-02 7.978497118768543284e-02 7.113767980571701621e-02 6.483817487205439933e-02 6.048317216041119299e-02 5.894883999600644686e-02 6.034977979191943898e-02 6.340867440439892921e-02 7.009687710363822488e-02 7.741700314042206099e-02 9.085025483375087918e-02
1.301183562449464981e-01 1.109790788952504798e-01 9.471967091031620323e-02 8.350340724341898113e-02 7.567695002020739803e-02 7.034058965810335851e-02 6.875395319418117768e-02 7.102489689934302075e-02 7.574417919245554631e-02 8.363667387100441608e-02 9.556988067480495785e-02 1.126715608043405981e-01
7.200805885844792364e-02 6.019478369949626817e-02 5.049891100643302128e-02 4.375152650004062588e-02 3.877994960797478269e-02 3.569874401644662631e-02 3.508797148114033843e-02 3.715783823954467435e-02 4.063345430550970722e-02 4.610458641287849824e-02 5.535064393985800885e-02 6.703844328429033050e-02
6.505808482080827071e-02 5.577873687668925134e-02 4.825024211850007655e-02 4.300115729444046325e-02 3.924442054315682715e-02 3.685494123446517861e-02 3.647469677435471319e-02 3.799322198015012142e-02 4.078362573099436617e-02 4.584922961973439404e-02 5.198431819177363328e-02 6.217198223657674494e-02
5.865517574042489884e-02 5.072756042319499087e-02 4.391942601543009222e-02 3.901853271798737255e-02 3.584845057047475470e-02 3.336880817987030595e-02 3.326489773642774678e-02 3.453771915513080548e-02 3.770129996119551269e-02 3.986445145196971379e-02 4.939518442858160246e-02 5.706868383949145751e-02
7.218773513920279106e-02 6.214800759013263537e-02 5.320385492532933580e-02 4.705432829061914624e-02 4.270834747891755212e-02 3.966355528977438122e-02 3.899877081238133092e-02 4.090995305609538418e-02 4.356345925128860680e-02 4.829671699381133526e-02 5.687119516328079105e-02 6.780367324951451502e-02
7.716721637936427292e-02 6.651670466039592833e-02 5.700497221409785154e-02 5.030223612461454108e-02 4.547853267120418458e-02 4.226428784286341556e-02 4.143961161200852839e-02 4.330294322844606414e-02 4.661812261142943975e-02 5.178326103653046325e-02 6.063641105894610611e-02 7.279549718574127026e-02
6.368757189892534920e-02 5.407329037222290830e-02 4.648513372179823022e-02 4.117210010329260678e-02 3.755711775043936440e-02 3.531978726305679689e-02 3.498802345750316733e-02 3.684387887735233319e-02 4.003056482549958300e-02 4.474194917823976630e-02 5.196785127514373659e-02 6.233935018050563298e-02
6.759002770083115397e-02 5.803489063364836165e-02 4.981600917975692600e-02 4.400417101147060389e-02 3.994198168796996712e-02 3.734705902741657091e-02 3.647401329936787728e-02 3.808441097058445218e-02 4.078891772801367110e-02 4.478452320796930813e-02 5.277627358687048131e-02 6.166639884300174901e-02
6.140312293820136130e-02 5.333921556269857062e-02 4.625289206317372004e-02 4.190377651319287383e-02 3.853799996352252205e-02 3.631889934328016989e-02 3.545901181419425230e-02 3.648589751572149653e-02 3.805397120160312202e-02 4.242398802277880937e-02 4.634865015529179150e-02 5.688622754491011457e-02
7.896857373086237086e-02 6.724212021000303130e-02 5.803717580299005280e-02 5.172474604966124240e-02 4.712516018795357559e-02 4.415240929002362674e-02 4.351505860560195976e-02 4.536467826140674203e-02 4.860664923421750827e-02 5.349746560463436440e-02 6.235624479659089558e-02 7.266075661455410895e-02
9.118440076589433285e-02 7.781171159208595534e-02 6.730450781968709550e-02 5.995740149094767879e-02 5.480458670130027715e-02 5.113822738306123689e-02 5.001335155427787810e-02 5.154515271246772057e-02 5.472886682259770624e-02 6.027682895043705302e-02 6.818600247231786093e-02 8.057838078858521602e-02
9.784875528417080748e-02 8.330893118594438762e-02 7.201069995541659052e-02 6.395118335545464661e-02 5.829454787234013974e-02 5.432023879834611130e-02 5.318368095907979182e-02 5.480853551593105333e-02 5.843920145190555776e-02 6.443003176128324350e-02 7.319200235979109181e-02 8.639039996016549539e-02
7.248816112283874846e-02 6.235084350569184558e-02 5.390807032408341526e-02 4.875634517766443826e-02 4.463243873978942067e-02 4.179721042493438066e-02 4.095404562249689573e-02 4.182285305142600940e-02 4.420664502424725972e-02 4.752354210837948095e-02 5.461878170736151478e-02 6.394409719783657187e-02
7.847558913067941011e-02 6.732357001705467636e-02 5.835925045082679397e-02 5.254058929645192416e-02 4.805157455782979592e-02 4.489758595464569263e-02 4.381056069678852111e-02 4.501574411667235570e-02 4.733098189126908051e-02 5.132251277427084951e-02 5.901162268489379414e-02 6.854385388380616895e-02
7.603443487920069632e-02 6.613479463829997906e-02 5.749524132356425427e-02 5.150052782385753508e-02 4.731250453764392766e-02 4.445426630687624586e-02 4.372182297013768593e-02 4.507126653255141141e-02 4.773431249871784576e-02 5.199065071789152337e-02 5.895349056781893499e-02 6.802250423319901318e-02
9.729860606689523517e-02 8.387832444578612046e-02 7.207853625126349473e-02 6.415225131549873172e-02 5.845282674216840946e-02 5.458066787957041588e-02 5.338339496937031387e-02 5.497069676579118686e-02 5.823068309070519172e-02 6.397778166987773407e-02 7.203501936166691044e-02 8.435700799515125081e-02
1.126202967588271903e-01 9.690838612082801340e-02 8.406957057103309205e-02 7.399640503295384919e-02 6.707583117600866840e-02 6.245422277311388215e-02 6.120504233711778624e-02 6.329313470481578996e-02 6.768536820232137763e-02 7.514719175237570548e-02 8.597455927123419384e-02 9.973801535138138163e-02
8.682190003974954440e-02 7.124722949828810048e-02 5.869289958118223405e-02 4.984710053843160321e-02 4.348688004613608660e-02 3.963873557451152302e-02 3.865135678558956345e-02 4.117149739188693397e-02 4.520060165147152947e-02 5.174936809897531104e-02 6.914779320125524764e-02 7.693265797558722363e-02
8.077989414179174987e-02 6.795357403481941394e-02 5.728562055216258192e-02 5.055560955065344780e-02 4.545809453909455122e-02 4.235357999366472226e-02 4.182254894824971592e-02 4.394492835065980096e-02 4.784786415278739075e-02 5.335729841777948901e-02 6.525047558655688862e-02 7.591503630558391058e-02
6.537965093439634945e-02 5.592768654566403208e-02 4.756768042313243988e-02 4.203815227265036286e-02 3.762556780254320415e-02 3.481371745571481408e-02 3.409385730637180811e-02 3.537382692621310332e-02 3.813925362819643727e-02 4.238497705138255522e-02 4.948462019636109405e-02 6.038789303555683330e-02
9.712565407497636416e-02 8.090008501188385159e-02 6.514965218709441175e-02 5.570154095701615460e-02 4.893630314579358598e-02 4.441110277569418341e-02 4.331474516923888157e-02 4.575696797842143670e-02 5.038754536873333439e-02 5.783175750121732905e-02 6.982960240561321419e-02 8.497954553682394996e-02
9.495053763440856887e-02 7.962183817489947024e-02 6.664487661382534345e-02 5.773120930526606798e-02 5.127657952899898619e-02 4.696521203950664025e-02 4.595358252386193276e-02 4.827539746699008316e-02 5.294178471719560020e-02 5.995177008750952885e-02 7.051898125900994685e-02 8.774865434121265073e-02
8.030372756557764558e-02 6.645817044566068588e-02 5.583732506809472446e-02 4.825279978454591334e-02 4.272185799374375592e-02 3.941007282296042635e-02 3.818337351271471752e-02 3.991122618827432772e-02 4.356652368091224609e-02 4.750329180593555051e-02 6.242891033765576858e-02 6.947463909786198710e-02
8.103035242399560245e-02 6.811839626016642779e-02 5.757687690460851909e-02 4.999889039302288229e-02 4.466987766932385001e-02 4.098293738264367075e-02 4.016872034212742165e-02 4.196496999831759306e-02 4.542692733836119906e-02 5.064310058401435416e-02 6.235489766683700863e-02 7.154474137381196253e-02
7.086654799680101868e-02 6.028144816957628493e-02 5.142551328208631867e-02 4.543030078152211770e-02 4.137013634852025612e-02 3.868022235843667639e-02 3.783870773068322146e-02 3.895880350380619833e-02 4.113395321807382377e-02 4.456205071626823111e-02 5.298971105486348365e-02 6.347456292329507754e-02
8.451904637893931094e-02 7.179651548799194372e-02 6.127352823388078351e-02 5.428921305347286091e-02 4.905073140367266493e-02 4.555544445555449740e-02 4.469532047700726374e-02 4.652499629135163628e-02 4.999375524113687519e-02 5.508903886112712783e-02 6.473055182588215162e-02 7.903215413364295117e-02
9.487487346093190221e-02 8.210761922163377358e-02 7.158668319461633511e-02 6.357406656277367341e-02 5.768283673971944664e-02 5.359143165962477334e-02 5.212043946154717999e-02 5.341537364009268929e-02 5.648712737127378064e-02 6.137149288528040425e-02 6.989593885256471795e-02 8.191207195459875023e-02
1.120044876589377375e-01 9.478759210406631497e-02 8.057373256659440541e-02 7.021037689879472410e-02 6.262036530235778886e-02 5.725683670912910805e-02 5.543803340870988305e-02 5.707166179756001378e-02 6.112923544042137003e-02 6.828749430177823154e-02 7.833009930373235896e-02 9.694127243066884281e-02
8.346000723850890979e-02 7.101847663453801640e-02 6.087686880564451009e-02 5.405057589601657692e-02 4.898424735657718604e-02 4.552267317130498370e-02 4.456193353474273422e-02 4.595255823848546500e-02 4.885738788276231676e-02 5.433634268152102986e-02 6.258861193688583513e-02 7.463503250235277442e-02
9.181712088968255192e-02 7.754736981582027733e-02 6.659178433889582915e-02 5.885073062457594345e-02 5.316321105794778734e-02 4.928444406808361183e-02 4.794704837754952542e-02 4.921516912913166675e-02 5.135029545343541835e-02 5.901135012934967394e-02 6.611257186149170628e-02 7.909423311309272953e-02
1.032327027727397706e-01 8.574205279327823392e-02 7.342614642486383625e-02 6.481099251046781862e-02 5.832220675548990818e-02 5.392584514721941030e-02 5.260959243883942676e-02 5.415252545418260816e-02 5.775648360030466444e-02 6.382638857195002680e-02 7.448345298546700521e-02 8.857221504647803945e-02
1.168151720755334216e-01 9.834700915685619382e-02 8.402453609042805083e-02 7.320529554353980006e-02 6.553660116605544705e-02 6.021512814305049477e-02 5.852510113402797226e-02 6.046275430856690170e-02 6.464039797373191676e-02 7.226500072642788597e-02 8.312903944729255201e-02 9.817645481362288762e-02
1.399152913684826582e-01 1.172356907186914848e-01 9.951772450452339713e-02 8.645493562231734708e-02 7.716224800240727155e-02 7.085131933400376503e-02 6.904357668364470568e-02 7.192646029281964115e-02 7.754885489433178958e-02 8.684842249657101498e-02 1.009258232620025564e-01 1.215387524650837076e-01
7.946580622031051977e-02 6.527922303156413752e-02 5.391038969749852722e-02 4.543032886133553661e-02 3.951895360009915342e-02 3.576948225643453855e-02 3.513871671012651354e-02 3.678824527320978532e-02 4.130029659571059220e-02 4.659716409202761811e-02 6.185781897545330338e-02 7.067268203840183782e-02
9.038823856441295657e-02 7.428854318246613797e-02 6.170472372319991267e-02 5.235668076287627176e-02 4.578673234545987958e-02 4.129683145835495728e-02 3.991256776615598190e-02 4.132680162899169535e-02 4.452070257822733634e-02 5.118310254996690650e-02 6.041510689626523878e-02 7.181259986533866657e-02
8.553509269624112732e-02 7.168912379959820058e-02 6.041750880637515586e-02 5.235922546183013199e-02 4.663433922440884255e-02 4.292131092996202824e-02 4.199005949611915589e-02 4.411971171845714690e-02 4.786786719442009952e-02 5.405870706722935848e-02 6.462928459160434402e-02 7.843993823146976074e-02
8.367563960883231400e-02 6.852555807182147962e-02 5.678375261439860128e-02 4.801909487295096673e-02 4.191757112465283736e-02 3.778103195796364555e-02 3.655928131889785854e-02 3.803767660910489096e-02 4.098299243275663889e-02 4.577737048598153752e-02 5.576126305936800198e-02 6.491023053224305450e-02
7.643122042712778563e-02 6.278311845368718391e-02 5.234899328859034945e-02 4.466763578697038189e-02 3.957774134856162362e-02 3.606338100627671378e-02 3.483453190589312631e-02 3.609312365094020925e-02 3.773584905660339051e-02 4.085365853658545071e-02 5.264760391845391130e-02 5.637865311308728339e-02
8.967334476556916567e-02 7.494946664798766978e-02 6.290810331875862360e-02 5.438822447102140828e-02 4.814840791134798736e-02 4.390422713564488127e-02 4.276815077156566336e-02 4.460526512938085830e-02 4.821073558648125701e-02 5.468823664111865934e-02 6.716782318170148869e-02 7.860621863622954675e-02
9.731291534238657726e-02 8.251944887055935596e-02 7.074019420305692474e-02 6.195686591844627722e-02 5.568744488910006701e-02 5.137754936083004098e-02 5.011673151750973415e-02 5.210394014665863799e-02 5.588013703498358881e-02 6.188783086081697110e-02 7.277235516372793089e-02 8.601754162959192318e-02
1.043064513131239379e-01 8.807462659479860234e-02 7.550738985927439584e-02 6.608984114498737961e-02 5.936268772357847223e-02 5.471904241675750596e-02 5.353922623467519126e-02 5.543972432166333064e-02 5.989615784008303634e-02 6.644544730554832745e-02 7.808771074443765503e-02 9.244158499788041050e-02
7.786689179681978434e-02 6.565273868802730395e-02 5.569487983281076748e-02 4.919839679358703477e-02 4.447216292067441429e-02 4.114924620812947242e-02 4.015459190357673069e-02 4.164759725400465212e-02 4.431748298914902490e-02 4.750535311617699180e-02 5.797469732996936298e-02 6.739031319047472657e-02
8.538605986965602801e-02 7.167516464839614188e-02 6.067767873198488815e-02 5.372979897516790004e-02 4.840574921526506758e-02 4.480306963096747364e-02 4.363550255096549507e-02 4.511802465084816666e-02 4.787244448791946883e-02 5.217618807348052556e-02 6.310940636650408386e-02 7.368366482918298210e-02
8.025278228286965299e-02 6.883999785878675004e-02 5.968526762604830366e-02 5.305092789169986445e-02 4.827536441044905091e-02 4.537566235509152279e-02 4.467560178702371237e-02 4.644121284489713397e-02 4.985481166414452991e-02 5.501960784313732200e-02 6.257876422458376331e-02 7.569655775643698015e-02
1.057356266703206593e-01 8.961744988826990388e-02 7.701283547257843642e-02 6.766799410491966538e-02 6.096415477380801029e-02 5.637376418093240082e-02 5.499341312330050663e-02 5.667841860214756222e-02 6.061778052805261857e-02 6.723937315871554576e-02 7.760262882179282118e-02 9.193740822320142780e-02
2.649706457925636305e-01 2.103182074938807489e-01 1.660043352601150435e-01 1.328286304198202372e-01 1.102593377915505324e-01 9.462994306816499557e-02 9.110692006383339092e-02 9.861662785919717011e-02 1.098430813124109257e-01 1.363188976377950057e-01 1.923122273316826003e-01 2.130143974606059643e-01
2.724550898203603189e-01 2.150984287520314731e-01 1.697557595704142774e-01 1.341826604897418118e-01 1.105345911949688897e-01 9.497539883703576269e-02 9.203839638622249297e-02 9.714973906061788456e-02 1.134150967252490899e-01 1.594692400482513039e-01 2.712908098059716444e-01 2.128419877163593987e-01
2.439170323095336268e-01 1.938972576284288263e-01 1.532152842497675749e-01 1.227037631532015283e-01 1.017669045191973293e-01 8.754425490827101586e-02 8.460133901399895240e-02 9.158986175115270412e-02 1.061246760332833772e-01 1.295336787564767833e-01 1.628712871287133768e-01 2.026368927426060174e-01
2.208672086720859518e-01 1.755339078306482892e-01 1.398082835955874459e-01 1.125563648976755371e-01 9.371900826446248611e-02 8.129315756434364604e-02 8.028545941123979568e-02 8.538472358981526178e-02 9.403639261522117598e-02 1.264122520713031328e-01 1.747305389221559258e-01 1.813602015113351951e-01
2.762708458910993481e-01 2.192450616076661585e-01 1.729965818458023552e-01 1.384924990852544613e-01 1.149465568599960102e-01 9.928129700818949521e-02 9.532888465205008321e-02 1.045159341489197979e-01 1.195574076735162194e-01 1.456563442038916190e-01 1.850197109067016066e-01 2.320385884742323657e-01
2.629255989911732927e-01 2.092177077016375841e-01 1.662135922330102711e-01 1.331974805483507607e-01 1.106615059817026431e-01 9.653217739246357232e-02 9.384348921429686019e-02 9.801876955161609173e-02 1.175480432038151918e-01 1.707871174662561886e-01 2.914248871695677146e-01 2.096037526231326886e-01
2.417539008492993191e-01 1.923667050249323052e-01 1.526717557251910662e-01 1.233859397417505360e-01 1.029563423856999504e-01 9.035749426041259080e-02 8.701765349164118646e-02 9.525932530836718481e-02 1.076379066478073271e-01 1.335131490222528083e-01 1.764401294498376960e-01 2.055701261396272461e-01
2.664601084430665567e-01 2.116221843649443712e-01 1.676801179288744115e-01 1.350098091671127210e-01 1.126180257510724786e-01 9.819078947368428678e-02 9.544025157232750856e-02 1.040696801321528697e-01 1.197243755383291669e-01 1.458190306192504171e-01 1.869467565068048676e-01 2.283484712805425032e-01
2.904397705544934927e-01 2.308699719363890013e-01 1.829802775748714805e-01 1.473143059741178762e-01 1.228820811227103738e-01 1.070371588293323045e-01 1.036873621178693861e-01 1.133756038647345254e-01 1.300130302591577525e-01 1.585670647042493053e-01 1.981220657276994146e-01 2.499022291748136948e-01
2.254335260115596373e-01 1.792513368983966737e-01 1.418835192069392293e-01 1.132673267326738953e-01 9.432182607055281109e-02 8.204944464349701871e-02 7.852781546811367364e-02 8.586991348926657774e-02 9.172090207355867997e-02 1.130534460524427742e-01 1.736567982456145298e-01 1.885970700805066624e-01
2.463629402756501996e-01 1.984493261953109156e-01 1.602632515119174206e-01 1.309969377339230412e-01 1.101941747572817015e-01 9.703669583909112217e-02 9.286440924284268539e-02 9.899490568635511967e-02 1.105167014613779308e-01 1.308248193371545076e-01 1.652912331060878703e-01 1.962498562061427976e-01
2.417442072614487680e-01 1.950573698146516877e-01 1.579126875852653600e-01 1.303565587176969964e-01 1.102251407129451882e-01 9.761549925484294676e-02 9.311913562695516011e-02 9.949776028233985048e-02 1.107780529128107178e-01 1.333667585861120775e-01 1.558755899794268263e-01 2.063697261722882703e-01
2.287453367366974466e-01 1.847971042103254968e-01 1.489048407877779645e-01 1.222869242985705623e-01 1.033378287255556083e-01 9.150641025640948722e-02 8.771663119489218896e-02 9.453811788442187392e-02 1.051190802080487902e-01 1.272254710851203618e-01 1.575410652065707406e-01 1.909199522102749957e-01
2.104741122793095387e-01 1.707597851112819809e-01 1.385441748471936407e-01 1.139666784828071572e-01 9.763513513513434605e-02 8.549887712544097795e-02 8.273872779717579562e-02 8.935497773308494207e-02 9.986376021798422375e-02 1.163603417033398368e-01 1.450476072709286357e-01 1.796307325789154863e-01
2.502003205128205399e-01 2.026921576277796733e-01 1.636053777693613209e-01 1.347310847766630959e-01 1.141759776536304533e-01 1.008991008991012850e-01 9.693232131562336262e-02 1.039819684447791104e-01 1.159503070112808676e-01 1.368149054807561160e-01 1.687719755176453618e-01 2.084485793311540436e-01
2.547945205479456021e-01 2.048364153627314777e-01 1.638606108065774891e-01 1.335699607696619329e-01 1.127913182707696027e-01 9.799291617473515625e-02 9.352517985611540074e-02 1.005917159763319024e-01 1.126821526475261792e-01 1.294636702054325628e-01 1.588204178788681364e-01 2.075086195888139473e-01
2.253159557661920109e-01 1.827089337175794026e-01 1.482102908277399267e-01 1.225516621743040352e-01 1.045470203238023782e-01 9.300411522633685035e-02 8.991056017574100556e-02 9.623430962343082484e-02 1.077844311377245679e-01 1.271094175285797101e-01 1.563888163052002678e-01 1.914678783289155140e-01
2.460007803355440115e-01 1.990503323836658178e-01 1.613976705490847152e-01 1.326548830565971726e-01 1.130195809000342083e-01 1.003289473684209759e-01 9.695160276555619960e-02 1.042917166866747930e-01 1.171662125340606347e-01 1.386641064325887518e-01 1.706029819237369072e-01 2.094033473872486673e-01
2.734182025460757393e-01 2.197761194029849152e-01 1.771042541537335702e-01 1.454642097802969214e-01 1.240813536147663820e-01 1.099605522682439995e-01 1.071034808631281116e-01 1.154542710534261080e-01 1.302964569775857950e-01 1.544107464340125357e-01 1.897196261682241036e-01 2.334841628959277993e-01
1.977587343441013223e-01 1.611605252011868161e-01 1.304614128215599578e-01 1.081768388106411766e-01 9.240246406570762350e-02 8.186822944414781644e-02 7.867634644605796257e-02 8.516439454691210331e-02 9.474327628361793596e-02 1.103508516523514504e-01 1.378730559058425897e-01 1.700891650905155816e-01
1.649607769891671682e-01 1.304849052525393072e-01 1.034028692217058426e-01 8.201267828843065988e-02 6.793256877859257803e-02 5.993485342019538864e-02 5.762579493473125175e-02 6.016183270281597745e-02 6.592918168798472811e-02 1.105666013254928554e-01 2.153619828815978576e-01 1.303237884525378087e-01
1.515527950310565919e-01 1.207193705507680903e-01 9.574698534190249910e-02 7.697618225750811616e-02 6.413879214036874443e-02 5.562476641335437066e-02 5.381218722402108384e-02 5.896764853276859064e-02 6.702497628833431476e-02 8.032991752062036694e-02 1.043026635536283137e-01 1.296541641920596899e-01
1.428006954322735278e-01 1.140898705255140172e-01 9.062912450505938855e-02 7.303410125341378012e-02 6.095936042638237101e-02 5.319014529374577888e-02 5.131115226091625958e-02 5.598237487289527137e-02 6.284707390004259930e-02 7.694255901124470720e-02 1.014038303825555015e-01 1.215423689679056146e-01
1.647827363476216667e-01 1.306386303899983170e-01 1.034766508948773561e-01 8.282430213464683777e-02 6.853094237883231021e-02 5.992732471555330120e-02 5.750437778907480785e-02 6.316240231238631764e-02 7.171840129843776168e-02 8.919712950922342731e-02 1.213514134681677736e-01 1.389206796372922381e-01
1.811425114510414880e-01 1.434121342370640317e-01 1.119296577946766458e-01 8.831286263280882509e-02 7.264926707186293575e-02 6.105320157032626677e-02 5.826983415508706077e-02 6.359502879660471064e-02 7.164607871301337250e-02 8.231374262617478788e-02 1.096449890040841896e-01 1.471817861280408368e-01
1.508705526116584927e-01 1.184837598064378966e-01 9.410680093610442054e-02 7.595624702765188530e-02 6.338393668093972311e-02 5.591251698999151476e-02 5.368773103326873047e-02 5.903319224771694240e-02 6.529209621993126156e-02 8.355524292820171173e-02 1.158934049079756584e-01 1.270403236930434943e-01
1.626589175444972668e-01 1.293304169900515443e-01 1.025991792065663877e-01 8.268001844653839749e-02 6.874565999621273793e-02 5.990588803088768566e-02 5.806599977003549379e-02 6.350596737107165601e-02 7.218860838723120676e-02 8.876505124888016407e-02 1.170354826402135590e-01 1.392067650167742865e-01
1.788680839082079643e-01 1.409552566566017184e-01 1.109998665064743234e-01 8.897759464331662926e-02 7.414965986394504716e-02 6.458099237092650158e-02 6.271167306389710538e-02 6.867969212551802705e-02 7.927705894434125544e-02 9.628866990243632740e-02 1.255934195064633274e-01 1.537276229322453169e-01
1.457461645746169210e-01 1.155778894472356128e-01 9.031476997578764820e-02 7.196297724643292704e-02 5.962258609295886802e-02 5.185753119118943072e-02 4.825719566939502131e-02 5.442049359575110851e-02 6.047145226249670685e-02 6.792516433507511664e-02 1.030361757105949655e-01 1.200682558560417501e-01
1.514739229024947009e-01 1.222003355949512204e-01 9.863109863109892350e-02 8.113182244870519033e-02 6.819195717290171821e-02 6.025695156523307866e-02 5.741490392838861923e-02 6.223418573351303246e-02 6.781474499414064105e-02 8.107846459170318931e-02 9.622327131352390039e-02 1.247269647394461528e-01
1.557979247140794110e-01 1.259692757863936363e-01 1.017774016081251787e-01 8.369925015199650153e-02 7.052231596573702022e-02 6.273671350030546323e-02 5.951208205365941112e-02 6.411241629157912736e-02 7.065755853365986161e-02 8.242960899413018239e-02 9.901745683487525596e-02 1.270221689634509488e-01
1.384174223048900421e-01 1.121998653601616186e-01 9.053586862575589700e-02 7.473676966485469364e-02 6.313445543257530101e-02 5.612403100775212317e-02 5.385427666314693274e-02 5.850091407678176259e-02 6.513771075505334074e-02 7.641096979332327732e-02 9.485492497751657481e-02 1.194036634698425192e-01
1.298248395022588708e-01 1.053477163185680687e-01 8.548707753479094229e-02 7.036802476954477636e-02 6.002810680586195130e-02 5.351361645400853212e-02 5.154824771963506524e-02 5.598411798071481482e-02 6.156405990016615426e-02 7.279011843643587443e-02 9.412504839334118190e-02 1.117087873869693632e-01
1.478724180716735614e-01 1.197307828551184422e-01 9.666369802014082580e-02 7.978163641147015261e-02 6.763467219812648035e-02 6.006221584110979506e-02 5.820887046396718695e-02 6.231150366221414189e-02 6.934940251251144050e-02 8.276264024479078329e-02 1.028319405756735472e-01 1.260474237832054367e-01
1.580025608194616515e-01 1.276976952520563757e-01 1.025220582493955451e-01 8.330234287839316520e-02 7.056081367424774098e-02 6.140468227424767528e-02 5.907707910750522456e-02 6.368009621166512146e-02 7.086973902118623436e-02 8.132382559468703809e-02 1.009768583816541138e-01 1.323159061146370885e-01
1.368563685636856042e-01 1.109894921190898720e-01 9.004304565662261950e-02 7.419201842943276559e-02 6.347251037344445179e-02 5.664811379097092758e-02 5.516957136128081834e-02 5.894217839533825998e-02 6.557639036863392723e-02 7.911038895094971157e-02 1.008754863813226127e-01 1.176690150702186938e-01
1.480485500399736920e-01 1.201330879229791926e-01 9.706205381658421227e-02 8.027507769622382883e-02 6.820633208552710769e-02 6.055468087683182898e-02 5.866405168435571971e-02 6.310066450656257042e-02 7.065473386716858428e-02 8.330833083308269993e-02 1.024940047961631073e-01 1.281777695305251763e-01
1.597334268677658986e-01 1.290476841098512073e-01 1.044528502223101840e-01 8.596502466209697546e-02 7.303855154575640551e-02 6.479022835900168087e-02 6.293351378785271011e-02 6.794078061911168476e-02 7.619929045195113215e-02 9.053821577783226215e-02 1.126002831524303555e-01 1.383007848147468632e-01
1.260739961423807676e-01 1.026375663604953276e-01 8.295491404476233732e-02 6.809037449706015210e-02 5.884516366311109969e-02 5.133384411785204410e-02 5.024364546292634653e-02 5.427611104195181890e-02 6.010606953447220069e-02 6.848014299279477080e-02 9.098172907899650108e-02 1.091179334734248413e-01
1.262064880309413661e-01 1.008677519171264497e-01 8.116999446272088470e-02 6.635768640591184486e-02 5.611770004503856962e-02 4.943413569253747586e-02 4.740752926983105020e-02 5.070415161509924523e-02 5.672163918041034369e-02 6.591701284438745978e-02 8.498232404389109707e-02 1.010280042538108658e-01
1.474286107953559355e-01 1.179779042517575677e-01 9.381393083292755009e-02 7.638628113656277530e-02 6.457708458308307475e-02 5.679931291153696854e-02 5.488635744263336419e-02 5.919979282662134884e-02 6.731620903454421656e-02 8.019751006271613747e-02 9.929916971698975192e-02 1.253404241631460581e-01
8.756435792401064122e-02 7.288147775461807643e-02 6.047635484984480170e-02 5.148801685541160023e-02 4.531759979914639497e-02 4.129863929338735418e-02 4.039431193700025041e-02 4.290207252493249274e-02 4.724730853615030646e-02 5.384857509503410133e-02 6.469526586144644376e-02 8.156704505143640149e-02
1.265411298315163857e-01 9.957456594227852287e-02 7.948196114708543092e-02 6.494244706551079160e-02 5.497907665090259743e-02 4.813876437341683273e-02 4.604957756939982716e-02 4.848699345248645015e-02 5.394190871369319157e-02 6.204408817635247847e-02 7.775300479229155237e-02 9.729145691623879155e-02
1.285268655147034367e-01 1.033779650649081921e-01 8.418593940191483604e-02 6.908019764348122260e-02 5.865539574907976950e-02 5.099191343300958634e-02 4.817437178953250937e-02 5.041972300929523088e-02 5.660187076116341559e-02 6.508406089905509340e-02 9.102209944751352144e-02 1.005322555710146948e-01
1.982971711068388654e-01 1.578175066630730372e-01 1.262352941176467513e-01 1.032605581342042195e-01 8.691534111485595127e-02 7.632310474185617644e-02 7.430316316943284816e-02 8.087864420457954728e-02 9.337459489753656416e-02 1.121510750660131006e-01 1.395519310945162461e-01 1.764455972452038668e-01
2.219018346588932378e-01 1.752570894359610776e-01 1.397225802491868507e-01 1.130811070709503430e-01 9.457596292059033960e-02 8.255598345457160203e-02 8.006531425566675020e-02 8.707556032747271191e-02 1.004422476586889490e-01 1.212710601429689561e-01 1.507852631061519233e-01 1.915875431857171352e-01
2.323021628907008806e-01 1.838044646809582905e-01 1.472718192033961315e-01 1.203805677924619094e-01 1.011343569483102861e-01 8.852889667250384009e-02 8.553155201819244435e-02 9.209070796460172570e-02 1.054570882977866608e-01 1.260416120748390767e-01 1.567595195502172467e-01 2.005324760134629958e-01
8.460471567267753568e-02 7.345374175501664937e-02 6.470509473120497623e-02 5.805328001032044466e-02 5.332424983742608399e-02 4.997926171712963744e-02 4.871432608081387866e-02 4.975685768786416996e-02 5.185657777210683078e-02 5.571407844464865144e-02 6.261102267746312955e-02 7.195307504024318901e-02
2.387883556254917772e-01 1.896848137535819545e-01 1.497227356746762550e-01 1.205673758865248441e-01 1.007607776838544272e-01 8.717290094718284366e-02 8.328276699029138475e-02 9.150794787340690850e-02 1.037557416914344777e-01 1.241687979539641412e-01 1.615141187925999977e-01 2.000467398924987705e-01
2.756420481735524231e-01 2.199019142540740990e-01 1.748864881791138137e-01 1.420841063698211060e-01 1.201585849344307538e-01 1.066066066066069656e-01 1.052709286874351918e-01 1.166908563134976956e-01 1.362922791494216579e-01 1.663856098931980609e-01 2.088704088704090855e-01 2.613402768260928433e-01
1.194429984383136856e-01 1.047315894023896077e-01 9.217915354061180511e-02 8.431160984031062233e-02 7.990142164650315681e-02 7.507519086912949058e-02 7.525574983675469010e-02 7.860979030547741997e-02 8.372409988479821707e-02 9.172197212295628288e-02 1.031610518032398949e-01 1.213839555568347883e-01
